-2.00000 0.135335
-1.95960 0.140915
-1.91919 0.146726
-1.87879 0.152775
-1.83838 0.159075
-1.79798 0.165633
-1.75758 0.172462
-1.71717 0.179574
-1.67677 0.186977
-1.63636 0.194687
-1.59596 0.202714
-1.55556 0.211071
-1.51515 0.219775
-1.47475 0.228836
-1.43434 0.238273
-1.39394 0.248096
-1.35354 0.258324
-1.31313 0.268977
-1.27273 0.280066
-1.23232 0.291615
-1.19192 0.303638
-1.15152 0.316156
-1.11111 0.329193
-1.07071 0.342765
-1.03030 0.3569
-0.98990 0.371614
-0.94949 0.386938
-0.90909 0.402891
-0.86869 0.419501
-0.82828 0.4368
-0.78788 0.454808
-0.74747 0.473563
-0.70707 0.493087
-0.66667 0.513415
-0.62626 0.534587
-0.58586 0.556627
-0.54545 0.579581
-0.50505 0.603475
-0.46465 0.628355
-0.42424 0.654267
-0.38384 0.68124
-0.34343 0.709333
-0.30303 0.738577
-0.26263 0.769026
-0.22222 0.800739
-0.18182 0.833751
-0.14141 0.868133
-0.10101 0.903924
-0.06061 0.94119
-0.02020 0.980003
0.02020 1.02041
0.06061 1.06248
0.10101 1.10629
0.14141 1.1519
0.18182 1.1994
0.22222 1.24885
0.26263 1.30035
0.30303 1.35396
0.34343 1.40977
0.38384 1.46791
0.42424 1.52843
0.46465 1.59146
0.50505 1.65707
0.54545 1.72538
0.58586 1.79654
0.62626 1.8706
0.66667 1.94774
0.70707 2.02804
0.74747 2.11165
0.78788 2.19873
0.82828 2.28938
0.86869 2.38379
0.90909 2.48206
0.94949 2.58439
0.98990 2.69097
1.03030 2.80191
1.07071 2.91745
1.11111 3.03773
1.15152 3.163
1.19192 3.2934
1.23232 3.42918
1.27273 3.57059
1.31313 3.71779
1.35354 3.87111
1.39394 4.0307
1.43434 4.19687
1.47475 4.36994
1.51515 4.5501
1.55556 4.73774
1.59596 4.93306
1.63636 5.13644
1.67677 5.34825
1.71717 5.56875
1.75758 5.79839
1.79798 6.03744
1.83838 6.28635
1.87879 6.54558
1.91919 6.81544
1.95960 7.09649
2.00000 7.38906
