0.01 -4.60517
0.02 -3.91202
0.03 -3.50656
0.04 -3.21888
0.05 -2.99573
0.06 -2.81341
0.07 -2.65926
0.08 -2.52573
0.09 -2.40795
0.10 -2.30259
0.11 -2.20727
0.12 -2.12026
0.13 -2.04022
0.14 -1.96611
0.15 -1.89712
0.16 -1.83258
0.17 -1.77196
0.18 -1.7148
0.19 -1.66073
0.20 -1.60944
0.21 -1.56065
0.22 -1.51413
0.23 -1.46968
0.24 -1.42712
0.25 -1.38629
0.26 -1.34707
0.27 -1.30933
0.28 -1.27297
0.29 -1.23787
0.30 -1.20397
0.31 -1.17118
0.32 -1.13943
0.33 -1.10866
0.34 -1.07881
0.35 -1.04982
0.36 -1.02165
0.37 -0.994252
0.38 -0.967584
0.39 -0.941609
0.40 -0.916291
0.41 -0.891598
0.42 -0.867501
0.43 -0.84397
0.44 -0.820981
0.45 -0.798508
0.46 -0.776529
0.47 -0.755023
0.48 -0.733969
0.49 -0.71335
0.50 -0.693147
0.51 -0.673345
0.52 -0.653926
0.53 -0.634878
0.54 -0.616186
0.55 -0.597837
0.56 -0.579818
0.57 -0.562119
0.58 -0.544727
0.59 -0.527633
0.60 -0.510826
0.61 -0.494296
0.62 -0.478036
0.63 -0.462035
0.64 -0.446287
0.65 -0.430783
0.66 -0.415515
0.67 -0.400478
0.68 -0.385662
0.69 -0.371064
0.70 -0.356675
0.71 -0.34249
0.72 -0.328504
0.73 -0.314711
0.74 -0.301105
0.75 -0.287682
0.76 -0.274437
0.77 -0.261365
0.78 -0.248461
0.79 -0.235722
0.80 -0.223144
0.81 -0.210721
0.82 -0.198451
0.83 -0.18633
0.84 -0.174353
0.85 -0.162519
0.86 -0.150823
0.87 -0.139262
0.88 -0.127833
0.89 -0.116534
0.90 -0.105361
0.91 -0.0943107
0.92 -0.0833816
0.93 -0.0725707
0.94 -0.0618754
0.95 -0.0512933
0.96 -0.040822
0.97 -0.0304592
0.98 -0.0202027
0.99 -0.0100503
1.00 0
1.01 0.00995033
1.02 0.0198026
1.03 0.0295588
1.04 0.0392207
1.05 0.0487902
1.06 0.0582689
1.07 0.0676586
1.08 0.076961
1.09 0.0861777
1.10 0.0953102
1.11 0.10436
1.12 0.113329
1.13 0.122218
1.14 0.131028
1.15 0.139762
1.16 0.14842
1.17 0.157004
1.18 0.165514
1.19 0.173953
1.20 0.182322
1.21 0.19062
1.22 0.198851
1.23 0.207014
1.24 0.215111
1.25 0.223144
1.26 0.231112
1.27 0.239017
1.28 0.24686
1.29 0.254642
1.30 0.262364
1.31 0.270027
1.32 0.277632
1.33 0.285179
1.34 0.29267
1.35 0.300105
1.36 0.307485
1.37 0.314811
1.38 0.322083
1.39 0.329304
1.40 0.336472
1.41 0.34359
1.42 0.350657
1.43 0.357674
1.44 0.364643
1.45 0.371564
1.46 0.378436
1.47 0.385262
1.48 0.392042
1.49 0.398776
1.50 0.405465
1.51 0.41211
1.52 0.41871
1.53 0.425268
1.54 0.431782
1.55 0.438255
1.56 0.444686
1.57 0.451076
1.58 0.457425
1.59 0.463734
1.60 0.470004
1.61 0.476234
1.62 0.482426
1.63 0.48858
1.64 0.494696
1.65 0.500775
1.66 0.506818
1.67 0.512824
1.68 0.518794
1.69 0.524729
1.70 0.530628
1.71 0.536493
1.72 0.542324
1.73 0.548121
1.74 0.553885
1.75 0.559616
1.76 0.565314
1.77 0.57098
1.78 0.576613
1.79 0.582216
1.80 0.587787
1.81 0.593327
1.82 0.598837
1.83 0.604316
1.84 0.609766
1.85 0.615186
1.86 0.620576
1.87 0.625938
1.88 0.631272
1.89 0.636577
1.90 0.641854
1.91 0.647103
1.92 0.652325
1.93 0.65752
1.94 0.662688
1.95 0.667829
1.96 0.672944
1.97 0.678034
1.98 0.683097
1.99 0.688135
2.00 0.693147
2.01 0.698135
2.02 0.703098
2.03 0.708036
2.04 0.71295
2.05 0.71784
2.06 0.722706
2.07 0.727549
2.08 0.732368
2.09 0.737164
2.10 0.741937
2.11 0.746688
2.12 0.751416
2.13 0.756122
2.14 0.760806
2.15 0.765468
2.16 0.770108
2.17 0.774727
2.18 0.779325
2.19 0.783902
2.20 0.788457
2.21 0.792993
2.22 0.797507
2.23 0.802002
2.24 0.806476
2.25 0.81093
2.26 0.815365
2.27 0.81978
2.28 0.824175
2.29 0.828552
2.30 0.832909
2.31 0.837248
2.32 0.841567
2.33 0.845868
2.34 0.850151
2.35 0.854415
2.36 0.858662
2.37 0.86289
2.38 0.8671
2.39 0.871293
2.40 0.875469
2.41 0.879627
2.42 0.883768
2.43 0.887891
2.44 0.891998
2.45 0.896088
2.46 0.900161
2.47 0.904218
2.48 0.908259
2.49 0.912283
2.50 0.916291
2.51 0.920283
2.52 0.924259
2.53 0.928219
2.54 0.932164
2.55 0.936093
2.56 0.940007
2.57 0.943906
2.58 0.947789
2.59 0.951658
2.60 0.955511
2.61 0.95935
2.62 0.963174
2.63 0.966984
2.64 0.970779
2.65 0.97456
2.66 0.978326
2.67 0.982078
2.68 0.985817
2.69 0.989541
2.70 0.993252
2.71 0.996949
2.72 1.00063
2.73 1.0043
2.74 1.00796
2.75 1.0116
2.76 1.01523
2.77 1.01885
2.78 1.02245
2.79 1.02604
2.80 1.02962
2.81 1.03318
2.82 1.03674
2.83 1.04028
2.84 1.0438
2.85 1.04732
2.86 1.05082
2.87 1.05431
2.88 1.05779
2.89 1.06126
2.90 1.06471
2.91 1.06815
2.92 1.07158
2.93 1.075
2.94 1.07841
2.95 1.08181
2.96 1.08519
2.97 1.08856
2.98 1.09192
2.99 1.09527
3.00 1.09861
