-6.00000 10.2683
-5.80000 10.4114
-5.60000 10.4896
-5.40000 10.4905
-5.20000 10.4139
-5.00000 10.272
-4.80000 10.0872
-4.60000 9.88856
-4.40000 9.70754
-4.20000 9.5727
-4.00000 9.50532
-3.80000 9.51604
-3.60000 9.60317
-3.40000 9.75294
-3.20000 9.94173
-3.00000 10.1397
-2.80000 10.3156
-2.60000 10.4417
-2.40000 10.4981
-2.20000 10.4758
-2.00000 10.3784
-1.80000 10.2213
-1.60000 10.0292
-1.40000 9.83251
-1.20000 9.66227
-1.00000 9.54535
-0.80000 9.50021
-0.60000 9.53398
-0.40000 9.64132
-0.20000 9.80529
0.00000 10
0.20000 10.1947
0.40000 10.3587
0.60000 10.466
0.80000 10.4998
1.00000 10.4546
1.20000 10.3377
1.40000 10.1675
1.60000 9.97081
1.80000 9.77874
2.00000 9.6216
2.20000 9.5242
2.40000 9.50192
2.60000 9.55827
2.80000 9.68437
3.00000 9.86029
3.20000 10.0583
3.40000 10.2471
3.60000 10.3968
3.80000 10.484
4.00000 10.4947
4.20000 10.4273
4.40000 10.2925
4.60000 10.1114
4.80000 9.91284
5.00000 9.72799
5.20000 9.58609
5.40000 9.50953
5.60000 9.51041
5.80000 9.58859
6.00000 9.73171
